image_width: 785
image_height: 785
camera_name: right
distortion_model: plumb_bob
camera_matrix:
  rows: 3
  cols: 3
  data: [392.5,      0.0,       392.5,
            0.0 ,      392.5,       392.5,
            0.0,           0.0,            1.0]
distortion_coefficients:
  rows: 1
  cols: 5
  data: [0.0,    0.0,   0.0, 0.0,   0.0]
rectification_matrix:
  rows: 3
  cols: 3
  data: [ 1.0000,    0.0022,   -0.0077,
   -0.0021,    0.9999,    0.0106,
    0.0077,   -0.0106,    0.9999]
projection_matrix:
  rows: 3
  cols: 4
  data: [1.0, 0.0, 0.0,-101.5949e-3,
         0.0, 1.0, 0.0, -0.9186e-3,
         0.0, 0.0, 1.0, -4.7364e-3]