image_width: 768
image_height: 480
camera_name: left
distortion_model: plumb_bob
camera_matrix:
  rows: 3
  cols: 3
  data: [[454.48095703125,      0,       323.55331421],
            [0 ,      454.15240478515625,       240.8431396484375],
            [0,           0,            1]]
distortion_coefficients:
  rows: 1
  cols: 8
  data: [1.6137338876724243, -0.7712278366088867, -0.000041877879993990064, 0.000007229007678688504, 1.2786915302276611, 1.5750237703323364, -0.7251096367835999, 1.30381441116333]
rectification_matrix:
  rows: 3
  cols: 3
  data: [ [0.9999725222587585,    -0.005555642303079367,   0.004909669980406761],
   [0.005528920330107212,    0.9999698996543884,    0.00543965585529804],
    [-0.004939742852002382,   -0.0054123615846037865,    0.9999731779098511]]
projection_matrix:
  rows: 3
  cols: 4
  data: [1.0, 0.0, 0.0,-101.5949e-3,
         0.0, 1.0, 0.0, -0.9186e-3,
         0.0, 0.0, 1.0, -4.7364e-3]
